20 10 5
301 BMW_5Series Black 0 0 6500000
302 Audi_A6 White 0 0 7000000
303 Mercedes_EClass Silver 0 0 7500000
304 Lexus_ES300h Grey 0 0 6000000
305 Volvo_S90 Blue 0 0 6800000
306 Jaguar_XF Red 0 0 7200000
307 Porsche_Panamera White 0 2 9500000
308 Maserati_Ghibli Black 0 2 8500000
309 Bentley_Flying_Spur Grey 0 2 20000000
310 Rolls_Royce_Ghost White 0 2 25000000

401 BMW_7Series Black 0 1 12000000 Richard_Brown 10000000 80000 15 1 2024 15 4 2024 1 1 2025
402 Audi_A8 White 0 2 13000000 Patricia_Green 11000000 85000 10 2 2024 10 5 2024 1 2 2025
403 Mercedes_SClass Silver 0 0 14000000 Joseph_Hall 12000000 90000 20 1 2024 20 4 2024 15 1 2025
404 Lexus_LS500h Grey 0 0 12500000 Sandra_King 10500000 82000 5 2 2024 5 5 2024 1 3 2025
405 Volvo_S60 Blue 0 0 5500000 Kenneth_Ward 4500000 40000 12 1 2024 12 4 2024 1 1 2025
406 Jaguar_XE Red 0 0 5800000 Nancy_Fisher 4800000 42000 18 1 2024 18 4 2024 1 2 2025
407 Porsche_718 White 0 2 8500000 George_Young 7000000 60000 22 2 2024 22 5 2024 15 2 2025
408 Maserati_Levante Black 0 3 9500000 Betty_Cooper 8000000 65000 25 1 2024 25 4 2024 1 1 2025
409 Ferrari_Roma Red 0 2 35000000 Harry_Lewis 30000000 200000 8 2 2024 8 5 2024 1 3 2025
410 Lamborghini_Huracan Yellow 0 2 40000000 Ruth_Morgan 35000000 250000 15 2 2024 15 5 2024 15 2 2025
411 Aston_Martin_DB11 Green 0 2 30000000 Paul_Turner 25000000 180000 20 1 2024 20 4 2024 1 1 2025
412 McLaren_570S Orange 0 2 25000000 Helen_Carter 20000000 160000 10 2 2024 10 5 2024 1 2 2025
413 Bentley_Continental Blue 0 2 28000000 Frank_Rogers 24000000 170000 5 1 2024 5 4 2024 15 1 2025
414 Rolls_Royce_Wraith Black 0 2 45000000 Alice_Brooks 40000000 280000 12 2 2024 12 5 2024 1 3 2025
415 BMW_M5 Grey 0 2 15000000 Scott_Price 13000000 100000 18 1 2024 18 4 2024 1 1 2025
416 Audi_RS7 Black 0 2 18000000 Diana_Wood 15000000 120000 22 2 2024 22 5 2024 15 2 2025
417 Mercedes_AMG_GT Red 0 2 20000000 Bruce_Ross 17000000 140000 25 1 2024 25 4 2024 1 1 2025
418 Porsche_911 White 0 2 16000000 Maria_Cook 14000000 110000 8 2 2024 8 5 2024 1 3 2025
419 Ferrari_F8 Red 0 2 38000000 Henry_Bell 32000000 220000 15 1 2024 15 4 2024 15 1 2025
420 Lamborghini_Aventador Green 0 2 42000000 Julia_Ward 36000000 260000 20 2 2024 20 5 2024 1 2 2025

5
James_Wilson 2001 19880412 "789_Elm_Street" 30 28
4
5 1 2024 90000 BMW_7Series 1
12 1 2024 85000 Audi_A8 2
19 1 2024 95000 Mercedes_SClass 0
26 1 2024 88000 Lexus_LS500h 0

Linda_Martinez 2002 19900618 "456_Birch_Road" 25 23
4
8 1 2024 45000 Volvo_S60 0
15 1 2024 48000 Jaguar_XE 0
22 1 2024 70000 Porsche_718 2
29 1 2024 75000 Maserati_Levante 3

Robert_Taylor 2003 19850725 "123_Maple_Avenue" 28 26
4
3 1 2024 220000 Ferrari_Roma 2
10 1 2024 260000 Lamborghini_Huracan 2
17 1 2024 190000 Aston_Martin_DB11 2
24 1 2024 170000 McLaren_570S 2

Michelle_Garcia 2004 19920830 "321_Oak_Lane" 22 20
4
6 1 2024 180000 Bentley_Continental 2
13 1 2024 290000 Rolls_Royce_Wraith 2
20 1 2024 110000 BMW_M5 2
27 1 2024 130000 Audi_RS7 2

Christopher_Lee 2005 19870915 "654_Pine_Court" 26 24
4
4 1 2024 150000 Mercedes_AMG_GT 2
11 1 2024 120000 Porsche_911 2
18 1 2024 230000 Ferrari_F8 2
25 1 2024 270000 Lamborghini_Aventador 2